0 0.6075140833854675 0.22815953195095062 0.07262616604566574 0.16703398525714874
0 0.5268768668174744 0.5476717948913574 0.08160457760095596 0.18104229867458344
0 0.7445412874221802 0.22237037122249603 0.07728352397680283 0.21484600007534027
0 0.6394367218017578 0.3878287971019745 0.08106312900781631 0.19117708504199982
0 0.13200899958610535 0.3903210461139679 0.08615028858184814 0.18117652833461761
0 0.568758487701416 0.8314205408096313 0.07851582020521164 0.2185654193162918
0 0.6141819357872009 0.546018660068512 0.08492975682020187 0.17905588448047638
0 0.7892580032348633 0.2380174696445465 0.09321575611829758 0.18304455280303955
0 0.3189524710178375 0.23490844666957855 0.08036234229803085 0.19048243761062622
0 0.6507859230041504 0.8527909517288208 0.07275610417127609 0.17459602653980255
