0 0.559144914150238 0.5450665354728699 0.07922301441431046 0.16990533471107483
0 0.6884154677391052 0.5423187613487244 0.07924604415893555 0.18290948867797852
0 0.6175516247749329 0.24171800911426544 0.08398585766553879 0.17338621616363525
0 0.2660794258117676 0.8429946899414062 0.08207850903272629 0.20275068283081055
0 0.4929249882698059 0.8325714468955994 0.08230185508728027 0.21550455689430237
0 0.596169650554657 0.39413633942604065 0.08292493969202042 0.1690620630979538
0 0.5508586168289185 0.6980652809143066 0.08065515011548996 0.1794290542602539
0 0.4482824504375458 0.5499610900878906 0.08935608714818954 0.17385879158973694
0 0.7255499958992004 0.8531064987182617 0.08817954361438751 0.17145071923732758
0 0.6594926714897156 0.21962332725524902 0.0737023875117302 0.21131162345409393
