0 0.678272545337677 0.7146660685539246 0.05368471145629883 0.1288250982761383
0 0.7734228372573853 0.7161328196525574 0.058592941612005234 0.11872825771570206
0 0.7820350527763367 0.8745670318603516 0.05814714357256889 0.11818857491016388
0 0.8817432522773743 0.2568788230419159 0.05707750469446182 0.11265712231397629
0 0.7837808132171631 0.4169312119483948 0.06481275707483292 0.10695955902338028
0 0.3787354826927185 0.2575841546058655 0.05666670948266983 0.11181280761957169
0 0.7722184062004089 0.2574351727962494 0.05290064960718155 0.11041708290576935
0 0.7816993594169617 0.5682728886604309 0.05798926576972008 0.1135062724351883
0 0.48170384764671326 0.4138355851173401 0.05997805669903755 0.10765578597784042
0 0.5842050909996033 0.2587718069553375 0.06186480447649956 0.10822582244873047
0 0.5832210779190063 0.5648559927940369 0.060704853385686874 0.11262970417737961
0 0.677410900592804 0.2593069076538086 0.050574589520692825 0.10455644130706787
0 0.47955915331840515 0.7228222489356995 0.061156559735536575 0.11133642494678497
0 0.47786521911621094 0.2641378343105316 0.06455560028553009 0.10474860668182373
0 0.6737939715385437 0.5689194798469543 0.05908079072833061 0.1063697338104248
0 0.8735288977622986 0.5732145309448242 0.06824236363172531 0.10633120685815811
0 0.3719441592693329 0.41687580943107605 0.0643823891878128 0.10396432876586914
0 0.37669694423675537 0.8727485537528992 0.05366654321551323 0.12290334701538086
0 0.3776411712169647 0.8729503750801086 0.05120709165930748 0.12183933705091476
0 0.8055500388145447 0.2674252986907959 0.051833249628543854 0.08904373645782471
0 0.6741847395896912 0.5679672956466675 0.0609586238861084 0.10468149185180664
0 0.41523686051368713 0.8742098808288574 0.06619586795568466 0.1243213638663292
0 0.47660255432128906 0.5675464272499084 0.056336261332035065 0.11944504082202911
0 0.47692766785621643 0.2639801800251007 0.0645076259970665 0.10403843224048615
0 0.5753961205482483 0.8779325485229492 0.0653143897652626 0.10763788223266602
