0 0.35664454102516174 0.23551292717456818 0.07120192050933838 0.1867382824420929
0 0.4843730926513672 0.8520715832710266 0.0797862559556961 0.17961855232715607
0 0.32669195532798767 0.8393095135688782 0.08382005989551544 0.20418910682201385
0 0.3200024664402008 0.39347177743911743 0.08978886902332306 0.1787051260471344
0 0.23265519738197327 0.8336634039878845 0.10508158057928085 0.2186005562543869
0 0.8630308508872986 0.5280296206474304 0.07395334541797638 0.20817632973194122
0 0.481262743473053 0.5300168991088867 0.08304920047521591 0.21670356392860413
0 0.2732836604118347 0.23358653485774994 0.08439822494983673 0.18554283678531647
0 0.7514249086380005 0.5229865312576294 0.09631142765283585 0.21416497230529785
0 0.554809033870697 0.2191740721464157 0.08869743347167969 0.2128390371799469
0 0.3186948597431183 0.2255105823278427 0.05701613426208496 0.2061873972415924
