0 0.45507317781448364 0.8515211343765259 0.07787137478590012 0.17809830605983734
0 0.48471638560295105 0.5696917772293091 0.0676807388663292 0.10598230361938477
0 0.5610456466674805 0.39337554574012756 0.09561868011951447 0.17804129421710968
0 0.5544312596321106 0.2353649139404297 0.0760042667388916 0.18477165699005127
0 0.41568517684936523 0.5471075177192688 0.07792859524488449 0.17935357987880707
0 0.3707168698310852 0.5479766726493835 0.08512697368860245 0.17754331231117249
0 0.3665253221988678 0.8326013684272766 0.07961731404066086 0.21186761558055878
0 0.6864058971405029 0.5704222917556763 0.07948417961597443 0.10059724003076553
0 0.7794132232666016 0.8784616589546204 0.07425713539123535 0.11179685592651367
0 0.670251190662384 0.22530703246593475 0.09186439961194992 0.21114932000637054
0 0.5914490818977356 0.8502461314201355 0.06975598633289337 0.18348221480846405
0 0.5554348230361938 0.8522022366523743 0.08323293179273605 0.1829674243927002
0 0.5050191879272461 0.23359237611293793 0.06781740486621857 0.18720243871212006
