0 0.45017796754837036 0.22048620879650116 0.089957095682621 0.21590392291545868
0 0.328155517578125 0.5479952692985535 0.08818405121564865 0.18390241265296936
0 0.4627348482608795 0.8552643060684204 0.10339174419641495 0.18352580070495605
0 0.7655588388442993 0.3729614317417145 0.07798385620117188 0.20187930762767792
0 0.8343185782432556 0.5421029329299927 0.07712111622095108 0.18000631034374237
0 0.7332745790481567 0.5320611000061035 0.0729399248957634 0.19942136108875275
0 0.2171476185321808 0.5294789671897888 0.09299003332853317 0.2180609256029129
0 0.2057420313358307 0.3680475354194641 0.0881752148270607 0.20514889061450958
0 0.6256352663040161 0.5274132490158081 0.07609410583972931 0.2215835601091385
0 0.5002560615539551 0.5469720959663391 0.09487047046422958 0.1746833324432373
0 0.6914757490158081 0.5268952250480652 0.07447376102209091 0.21480469405651093
