0 0.6273658871650696 0.2403031885623932 0.08117780834436417 0.17944161593914032
0 0.645239531993866 0.5440854430198669 0.08313798904418945 0.17785750329494476
0 0.4414583146572113 0.239723801612854 0.08953793346881866 0.18270830810070038
0 0.6768914461135864 0.8508157730102539 0.0968046709895134 0.17883387207984924
0 0.5182445645332336 0.39009588956832886 0.07824840396642685 0.18013425171375275
0 0.3826442360877991 0.5453977584838867 0.07731342315673828 0.18808579444885254
0 0.48733043670654297 0.8535758256912231 0.06883735954761505 0.17509709298610687
0 0.8902601599693298 0.5269262790679932 0.0976235419511795 0.2200477570295334
0 0.45339781045913696 0.5478551983833313 0.09954833984375 0.17547622323036194
0 0.45854106545448303 0.23740096390247345 0.06153612211346626 0.18465368449687958
0 0.34331056475639343 0.8532398343086243 0.07384254783391953 0.18097296357154846
0 0.2714250683784485 0.8544473648071289 0.08947598934173584 0.1788092702627182
0 0.522164523601532 0.8530027270317078 0.07744178920984268 0.17674723267555237
0 0.2992575168609619 0.5456759333610535 0.09445076435804367 0.18408356606960297
