0 0.7636612057685852 0.8500505685806274 0.09822406619787216 0.17655467987060547
0 0.4073638916015625 0.5474380850791931 0.08471515029668808 0.17647944390773773
0 0.6810294985771179 0.24109821021556854 0.07802033424377441 0.1661379635334015
0 0.7849453091621399 0.5455470085144043 0.08420711010694504 0.1786620169878006
0 0.486321359872818 0.23577061295509338 0.07293515652418137 0.16134290397167206
0 0.4941285252571106 0.690656840801239 0.09575381129980087 0.19989953935146332
0 0.2655543386936188 0.8525925874710083 0.07951698452234268 0.18715158104896545
0 0.4891129434108734 0.547601580619812 0.09768271446228027 0.17186366021633148
0 0.6876118779182434 0.7004138827323914 0.07534604519605637 0.16396073997020721
0 0.4062885344028473 0.854130744934082 0.0855720266699791 0.1796690970659256
0 0.4064868986606598 0.8537630438804626 0.08713789284229279 0.17911820113658905
