0 0.609546959400177 0.6740336418151855 0.08004727214574814 0.20592747628688812
0 0.49544069170951843 0.22923575341701508 0.09642662853002548 0.23692010343074799
0 0.5117300152778625 0.6887761950492859 0.08385524898767471 0.2222529947757721
0 0.3900098502635956 0.6919656991958618 0.10413160175085068 0.20475144684314728
0 0.32963210344314575 0.38654109835624695 0.09932563453912735 0.22124825417995453
0 0.24601387977600098 0.22699645161628723 0.08814940601587296 0.2173622101545334
0 0.49640971422195435 0.5231119394302368 0.09144029766321182 0.20506969094276428
0 0.59123694896698 0.2150360345840454 0.09495868533849716 0.19515536725521088
0 0.6961122155189514 0.5208820700645447 0.07952117919921875 0.19515199959278107
0 0.6239768862724304 0.36822354793548584 0.09120474010705948 0.20559631288051605
0 0.6538762450218201 0.5206491947174072 0.07160349190235138 0.18659944832324982
