0 0.2730831205844879 0.2403360903263092 0.08561086654663086 0.18307974934577942
0 0.4122863709926605 0.8539630174636841 0.08779320865869522 0.17335191369056702
0 0.19857077300548553 0.8517767786979675 0.0823543444275856 0.1792476624250412
0 0.4505215287208557 0.5418135523796082 0.07573022693395615 0.18976154923439026
0 0.6072761416435242 0.22077618539333344 0.07895507663488388 0.2193993180990219
0 0.5194153189659119 0.2216167002916336 0.07131314277648926 0.21712546050548553
0 0.6418262720108032 0.682065486907959 0.07903194427490234 0.21829643845558167
0 0.3305024206638336 0.8503562211990356 0.07572002708911896 0.1875019520521164
0 0.35786494612693787 0.5270868539810181 0.06348443031311035 0.21559147536754608
0 0.33169350028038025 0.5284808874130249 0.07498719543218613 0.21355190873146057
0 0.49288246035575867 0.5292501449584961 0.07553625106811523 0.21373295783996582
0 0.5572341084480286 0.22443099319934845 0.051873255521059036 0.21432705223560333
0 0.43059977889060974 0.6961108446121216 0.08076765388250351 0.17930331826210022
0 0.4908766746520996 0.5266196131706238 0.07943401485681534 0.2159162014722824
