0 0.2295685112476349 0.392318993806839 0.084145687520504 0.18208909034729004
0 0.37344399094581604 0.2355550080537796 0.0881936103105545 0.18578676879405975
0 0.6681076288223267 0.8303362131118774 0.07945122569799423 0.2188200056552887
0 0.6657869815826416 0.2305234670639038 0.08103437721729279 0.18074612319469452
0 0.6690789461135864 0.3904186189174652 0.07501941174268723 0.1857590228319168
0 0.5704594850540161 0.5384286046028137 0.07885513454675674 0.1819707453250885
0 0.7739647626876831 0.2203216403722763 0.07421445846557617 0.21386075019836426
0 0.7503024339675903 0.8528156280517578 0.08614449948072433 0.17194227874279022
0 0.8142757415771484 0.23776082694530487 0.07528562843799591 0.18072907626628876
0 0.7081993222236633 0.8521804809570312 0.07308840751647949 0.17646418511867523
0 0.774493932723999 0.22196225821971893 0.07377214729785919 0.2136644423007965
