0 0.17463980615139008 0.5470312237739563 0.08858709782361984 0.17704467475414276
0 0.4054447114467621 0.2336253672838211 0.08574080467224121 0.17052681744098663
0 0.5071761608123779 0.8504927754402161 0.08575143665075302 0.17890802025794983
0 0.38262808322906494 0.544075608253479 0.07975716888904572 0.1821144074201584
0 0.41912055015563965 0.3947908580303192 0.08157918602228165 0.17290066182613373
0 0.4854414463043213 0.39216187596321106 0.08393850177526474 0.17427240312099457
0 0.5914395451545715 0.5487870573997498 0.08428921550512314 0.17670407891273499
0 0.6905186772346497 0.23900042474269867 0.08174967765808105 0.17909538745880127
0 0.6680769324302673 0.6936183571815491 0.07120709866285324 0.18745413422584534
0 0.6690657734870911 0.6946390271186829 0.07265658676624298 0.18761973083019257
0 0.5913217663764954 0.5489007830619812 0.0852871909737587 0.1757209300994873
