0 0.7775401473045349 0.8498899340629578 0.08162298053503036 0.17314386367797852
0 0.5261754393577576 0.5425717234611511 0.07522783428430557 0.18774652481079102
0 0.3903326988220215 0.5498022437095642 0.103495292365551 0.17688798904418945
0 0.8018695116043091 0.541042149066925 0.0721750259399414 0.1865091770887375
0 0.6145095229148865 0.5427688956260681 0.07780780643224716 0.17631268501281738
0 0.660052478313446 0.699907124042511 0.07887120544910431 0.1726374626159668
0 0.34521886706352234 0.22100411355495453 0.09361212700605392 0.21607916057109833
0 0.5918666124343872 0.8330089449882507 0.10194268077611923 0.21691761910915375
0 0.6577072143554688 0.39259085059165955 0.0834009200334549 0.17737193405628204
0 0.35455527901649475 0.842627227306366 0.05524275451898575 0.20687003433704376
0 0.6713398098945618 0.2342590093612671 0.07289081066846848 0.17971482872962952
0 0.3363100290298462 0.8365211486816406 0.08879280090332031 0.22126002609729767
