0 0.4687193036079407 0.8525733947753906 0.07145752757787704 0.179371640086174
0 0.480272501707077 0.38911667466163635 0.07468581199645996 0.18535983562469482
0 0.752618134021759 0.831307053565979 0.09106140583753586 0.2115158587694168
0 0.3368070721626282 0.5464169383049011 0.08166339248418808 0.18635836243629456
0 0.5924955010414124 0.5470127463340759 0.0968475341796875 0.1743752509355545
0 0.5439435243606567 0.8527176976203918 0.09733910858631134 0.17732225358486176
0 0.4008603096008301 0.23450732231140137 0.08764276653528214 0.17418216168880463
0 0.436206579208374 0.8536564111709595 0.07236357033252716 0.17976771295070648
0 0.41507670283317566 0.5453762412071228 0.07886283844709396 0.1770004779100418
0 0.7711197137832642 0.5268040895462036 0.08994908630847931 0.21247044205665588
0 0.31879186630249023 0.23543690145015717 0.07513418048620224 0.19329456984996796
0 0.3471834659576416 0.2230314016342163 0.06255555152893066 0.20991039276123047
0 0.5810613036155701 0.22252988815307617 0.09130363911390305 0.21959693729877472
