0 0.5484922528266907 0.541874885559082 0.08143763989210129 0.18757043778896332
0 0.3025551438331604 0.37549537420272827 0.08144889026880264 0.21553607285022736
0 0.6223485469818115 0.2182360142469406 0.08704882115125656 0.2119208127260208
0 0.6862685680389404 0.5244103670120239 0.07970590889453888 0.21589016914367676
0 0.5117470622062683 0.8507556915283203 0.09623723477125168 0.18133746087551117
0 0.2848399579524994 0.8335510492324829 0.09457077831029892 0.21797113120555878
0 0.4357573091983795 0.8537289500236511 0.08155887573957443 0.17239589989185333
0 0.6800510287284851 0.25257256627082825 0.07205529510974884 0.13121142983436584
0 0.3697640001773834 0.6748024821281433 0.08883192390203476 0.2175486534833908
0 0.6307124495506287 0.5259473919868469 0.07921399921178818 0.21544651687145233
0 0.4346919059753418 0.8551235198974609 0.08105514198541641 0.17387162148952484
0 0.36955055594444275 0.6745047569274902 0.09134870022535324 0.21624942123889923
0 0.6302875876426697 0.5249027609825134 0.07985992729663849 0.21716056764125824
