0 0.3696635067462921 0.36584025621414185 0.09150433540344238 0.20825424790382385
0 0.34960129857063293 0.20752175152301788 0.07759404182434082 0.19809600710868835
0 0.6891983151435852 0.5438254475593567 0.06601615250110626 0.15583300590515137
0 0.3375431001186371 0.5446115136146545 0.07551413029432297 0.1896330863237381
0 0.3478965163230896 0.8325653076171875 0.08192124217748642 0.21581564843654633
0 0.4404132068157196 0.394098162651062 0.10001292079687119 0.17482438683509827
0 0.5872146487236023 0.8503170013427734 0.0980493575334549 0.18052005767822266
0 0.42312127351760864 0.21493759751319885 0.0706823393702507 0.21298539638519287
0 0.39189109206199646 0.545681357383728 0.07979676872491837 0.18344078958034515
0 0.46947813034057617 0.23882006108760834 0.0908893570303917 0.18128494918346405
0 0.3976067304611206 0.8574967384338379 0.07621369510889053 0.16620884835720062
0 0.5872971415519714 0.8497166633605957 0.099115751683712 0.18038907647132874
