0 0.7087967991828918 0.37256717681884766 0.07486682385206223 0.21272459626197815
0 0.11395742744207382 0.5269801020622253 0.07759500294923782 0.2193567305803299
0 0.4462903141975403 0.5435355305671692 0.09153880923986435 0.17937980592250824
0 0.7645384669303894 0.2372235506772995 0.08357329666614532 0.17506566643714905
0 0.823417603969574 0.5477530360221863 0.08097214996814728 0.17579106986522675
0 0.5429584383964539 0.5305822491645813 0.07985077053308487 0.20967288315296173
0 0.35753965377807617 0.23569636046886444 0.07958314567804337 0.1816670000553131
0 0.3681301772594452 0.8568155169487 0.08615177124738693 0.1831624060869217
0 0.6454706788063049 0.5296543836593628 0.06515121459960938 0.2092760056257248
0 0.7768975496292114 0.5446832776069641 0.07734771072864532 0.17698417603969574
0 0.2702523171901703 0.5504699349403381 0.09069681167602539 0.17859916388988495
0 0.6195675134658813 0.5290456414222717 0.077336885035038 0.21169213950634003
0 0.2708445191383362 0.5506024360656738 0.09064724296331406 0.17866554856300354
