0 0.4954543113708496 0.22921262681484222 0.09638982266187668 0.23685990273952484
0 0.6078191995620728 0.6860809326171875 0.07967109978199005 0.21192064881324768
0 0.49991685152053833 0.5391768217086792 0.09786853939294815 0.23938027024269104
0 0.3295919597148895 0.38641640543937683 0.09925015270709991 0.2209896594285965
0 0.245984748005867 0.22689907252788544 0.08800776302814484 0.21698927879333496
0 0.5912599563598633 0.21502308547496796 0.09486766159534454 0.19508816301822662
0 0.6239474415779114 0.3680684566497803 0.09109411388635635 0.20519469678401947
0 0.6956754326820374 0.5229461789131165 0.07854165881872177 0.1988535374403
0 0.6563525795936584 0.5223628282546997 0.07347621768712997 0.19067268073558807
0 0.5076325535774231 0.7018821239471436 0.0780920535326004 0.178902730345726
