0 0.5107361674308777 0.6891736388206482 0.0833468958735466 0.22293443977832794
0 0.6096287965774536 0.6759665608406067 0.080072782933712 0.2103590965270996
0 0.4954235255718231 0.22927093505859375 0.09645571559667587 0.23701496422290802
0 0.32946786284446716 0.37537238001823425 0.0982288345694542 0.19756172597408295
0 0.28445443511009216 0.8409318923950195 0.0845266580581665 0.23536014556884766
0 0.38943344354629517 0.687981128692627 0.10258007049560547 0.19646549224853516
0 0.24611273407936096 0.22649908065795898 0.08849220722913742 0.21652472019195557
0 0.496447890996933 0.5230666399002075 0.09149513393640518 0.20502324402332306
0 0.5911995768547058 0.21506185829639435 0.09507093578577042 0.19525058567523956
0 0.6961701512336731 0.5209804177284241 0.07967992126941681 0.19546671211719513
0 0.6239703893661499 0.3686068654060364 0.09133654087781906 0.20647047460079193
0 0.6538438200950623 0.520625650882721 0.0717369094491005 0.18687620759010315
0 0.4043024182319641 0.8484675288200378 0.0912744551897049 0.2138170748949051
0 0.2694084346294403 0.5517410635948181 0.08744952827692032 0.21169038116931915
