0 0.5322884321212769 0.5287153124809265 0.0669892355799675 0.2214488536119461
0 0.4719010293483734 0.23539505898952484 0.07173581421375275 0.18506382405757904
0 0.28526192903518677 0.8543931841850281 0.09392273426055908 0.17763324081897736
0 0.611204981803894 0.8365403413772583 0.07545872032642365 0.2175929993391037
0 0.37597477436065674 0.8526790738105774 0.09264035522937775 0.1813424676656723
0 0.6433457732200623 0.5399752855300903 0.07954102009534836 0.18523254990577698
0 0.49386951327323914 0.549385130405426 0.08137192577123642 0.17667055130004883
0 0.5159868597984314 0.22917334735393524 0.07773514091968536 0.2028048038482666
0 0.5970951318740845 0.23964206874370575 0.08373671025037766 0.1824188381433487
0 0.8484878540039062 0.5420870184898376 0.07798147201538086 0.1878672093153
