0 0.6514816284179688 0.5288060903549194 0.07933802902698517 0.20816221833229065
0 0.6074510812759399 0.2246520072221756 0.08914542198181152 0.1990968883037567
0 0.3936591148376465 0.8563634753227234 0.07715034484863281 0.18394064903259277
0 0.5455310940742493 0.5420920252799988 0.08728432655334473 0.1818794310092926
0 0.4475303590297699 0.3865998387336731 0.08072485774755478 0.18563583493232727
0 0.35588136315345764 0.23248076438903809 0.07299967110157013 0.18722297251224518
0 0.6804947853088379 0.8343426585197449 0.07860403507947922 0.216828390955925
0 0.685856282711029 0.23063381016254425 0.08461246639490128 0.1755005419254303
0 0.26242634654045105 0.24048934876918793 0.08734770119190216 0.1867682784795761
0 0.20166535675525665 0.23728203773498535 0.07341969013214111 0.19098928570747375
0 0.5362342000007629 0.23279590904712677 0.08917298167943954 0.19940412044525146
0 0.43337392807006836 0.8561768531799316 0.06885991245508194 0.18185368180274963
