0 0.5167902708053589 0.5422410368919373 0.07192716747522354 0.18579483032226562
0 0.6430992484092712 0.8510145545005798 0.09032344818115234 0.1791994571685791
0 0.5568960309028625 0.23589849472045898 0.08915562927722931 0.16711381077766418
0 0.4464161992073059 0.5436956882476807 0.0942322239279747 0.18357153236865997
0 0.2592974901199341 0.23889696598052979 0.07792725414037704 0.1857900619506836
0 0.6759424209594727 0.23534198105335236 0.07787447422742844 0.1870279163122177
0 0.36749517917633057 0.23298127949237823 0.0714593455195427 0.18653875589370728
0 0.7201553583145142 0.24008245766162872 0.0778137668967247 0.17962081730365753
0 0.4674065113067627 0.8328472375869751 0.10319652408361435 0.21651272475719452
0 0.5673715472221375 0.8546733856201172 0.08073635399341583 0.17416639626026154
0 0.5986824631690979 0.3905234932899475 0.08729992061853409 0.1818615198135376
