0 0.20832304656505585 0.3918556272983551 0.10331075638532639 0.18399560451507568
0 0.6627656817436218 0.5454679727554321 0.0777679905295372 0.17149129509925842
0 0.5470735430717468 0.5313029289245605 0.08027930557727814 0.2132267951965332
0 0.14442820847034454 0.5289340019226074 0.08910413831472397 0.21751518547534943
0 0.38304659724235535 0.37578946352005005 0.07907793670892715 0.21201324462890625
0 0.49167776107788086 0.5287143588066101 0.09715890884399414 0.22034159302711487
0 0.8719229102134705 0.5614355206489563 0.05733995512127876 0.11998634785413742
0 0.7439085841178894 0.856763482093811 0.09063205868005753 0.17269816994667053
0 0.3432386815547943 0.21844707429409027 0.06867718696594238 0.2028183788061142
0 0.3396046757698059 0.8531795740127563 0.08264868706464767 0.17875543236732483
0 0.30486932396888733 0.222249373793602 0.07388310879468918 0.21084141731262207
0 0.34249481558799744 0.219599649310112 0.06844999641180038 0.20554904639720917
0 0.703231930732727 0.21982061862945557 0.09293895214796066 0.2165614664554596
0 0.33907565474510193 0.8529279828071594 0.08232405036687851 0.18033304810523987
