0 0.44506415724754333 0.5430399775505066 0.08636011928319931 0.19115424156188965
0 0.6128488779067993 0.5424546599388123 0.07696767151355743 0.18073897063732147
0 0.39275261759757996 0.527403712272644 0.08079767227172852 0.21498079597949982
0 0.1924155354499817 0.2199672907590866 0.08486264199018478 0.20990681648254395
0 0.2603970170021057 0.37477096915245056 0.07815907150506973 0.22001294791698456
0 0.26835107803344727 0.21806831657886505 0.08359851688146591 0.2101588100194931
0 0.7687090039253235 0.5569844245910645 0.06338944286108017 0.12942008674144745
0 0.6174587607383728 0.22606010735034943 0.08189707249403 0.21072523295879364
0 0.3581707179546356 0.3657335042953491 0.08510258048772812 0.1989249736070633
0 0.8233405351638794 0.5248558521270752 0.08308720588684082 0.20463410019874573
0 0.6521496176719666 0.8534848093986511 0.09973044693470001 0.18043246865272522
0 0.6162190437316895 0.22537855803966522 0.08284135162830353 0.2097318172454834
