0 0.5577172636985779 0.8558880686759949 0.09050245583057404 0.17845368385314941
0 0.2858965992927551 0.35828742384910583 0.07568361610174179 0.19824270904064178
0 0.13953904807567596 0.393176794052124 0.08272916078567505 0.1823837012052536
0 0.8556875586509705 0.5296400189399719 0.08700799942016602 0.20139680802822113
0 0.5599448084831238 0.5458925366401672 0.08710656315088272 0.17966103553771973
0 0.19442296028137207 0.21820388734340668 0.09324511140584946 0.21398746967315674
0 0.7599056363105774 0.5257032513618469 0.07228884845972061 0.20821166038513184
0 0.38503602147102356 0.5455853939056396 0.07814784348011017 0.19017420709133148
0 0.7128788232803345 0.5287265777587891 0.0763089656829834 0.20460157096385956
0 0.5355007648468018 0.22174449265003204 0.0792640671133995 0.21959613263607025
0 0.32844048738479614 0.529256284236908 0.06527729332447052 0.2191910743713379
0 0.2929576337337494 0.5276240706443787 0.08725707978010178 0.21878619492053986
0 0.2963046729564667 0.528269350528717 0.09081628173589706 0.21744851768016815
