0 0.6038954257965088 0.22158412635326385 0.0720224380493164 0.21592901647090912
0 0.5671269297599792 0.6783769130706787 0.07902278751134872 0.2071797400712967
0 0.3037382662296295 0.8306013345718384 0.09546778351068497 0.21853485703468323
0 0.5607714056968689 0.8371648788452148 0.07762470096349716 0.21544857323169708
0 0.3554338812828064 0.3801955282688141 0.08722739666700363 0.2020726203918457
0 0.4118680953979492 0.6813041567802429 0.081913523375988 0.19979600608348846
0 0.7360524535179138 0.5317062139511108 0.0849832072854042 0.20467615127563477
0 0.6225758790969849 0.6783809065818787 0.08687939494848251 0.2090865671634674
0 0.4376423954963684 0.8400409817695618 0.10671508312225342 0.1990092247724533
0 0.6578884720802307 0.372169554233551 0.08496751636266708 0.19614019989967346
0 0.2900063991546631 0.22478030622005463 0.08315327018499374 0.19664381444454193
0 0.6838942766189575 0.5307880640029907 0.08386993408203125 0.2025867998600006
0 0.5086416602134705 0.22101858258247375 0.0750732421875 0.2195112705230713
0 0.3168151080608368 0.526209831237793 0.08225999027490616 0.21507620811462402
0 0.5463180541992188 0.5250267386436462 0.06869149208068848 0.2089191973209381
0 0.1754571944475174 0.22567503154277802 0.08491791784763336 0.21006742119789124
0 0.5109930634498596 0.5279038548469543 0.07182665169239044 0.21589790284633636
0 0.6513902544975281 0.2206295281648636 0.08016891777515411 0.21313177049160004
0 0.511003851890564 0.5269116759300232 0.07439088821411133 0.2189282476902008
