0 0.19667363166809082 0.24036292731761932 0.08527984470129013 0.18375453352928162
0 0.4420371949672699 0.22193412482738495 0.07269211113452911 0.21588794887065887
0 0.4040343761444092 0.5462211966514587 0.08281391113996506 0.1795978546142578
0 0.5234236121177673 0.530829131603241 0.08820247650146484 0.19435086846351624
0 0.5690433382987976 0.6847476363182068 0.08027663081884384 0.20853567123413086
0 0.4915255606174469 0.22402751445770264 0.07527537643909454 0.21369533240795135
0 0.1699237823486328 0.5255183577537537 0.08597474545240402 0.22228555381298065
0 0.1711823046207428 0.5256635546684265 0.08483599871397018 0.22249718010425568
0 0.2962106168270111 0.5242965817451477 0.08348005264997482 0.21138225495815277
0 0.37277951836586 0.6985187530517578 0.07420604676008224 0.18669424951076508
0 0.21803772449493408 0.5248779654502869 0.0808035358786583 0.21922722458839417
0 0.3484836518764496 0.5246832966804504 0.06590688228607178 0.21616768836975098
