0 0.23062174022197723 0.2284391224384308 0.09616171568632126 0.2023758441209793
0 0.3810234069824219 0.3688526749610901 0.0905534029006958 0.2137906849384308
0 0.43435317277908325 0.542953610420227 0.07903652638196945 0.1818317025899887
0 0.7117606997489929 0.3904687166213989 0.08308853954076767 0.18165946006774902
0 0.3949258029460907 0.8358656167984009 0.07252822071313858 0.22091589868068695
0 0.6072930693626404 0.5445098280906677 0.09308595955371857 0.17972694337368011
0 0.31601834297180176 0.2376112937927246 0.07553906738758087 0.17228032648563385
0 0.6743770837783813 0.5407935976982117 0.08590169250965118 0.18022489547729492
0 0.4338234066963196 0.8544544577598572 0.06804807484149933 0.18255357444286346
0 0.39196011424064636 0.2196093648672104 0.07564716786146164 0.20230989158153534
0 0.7004754543304443 0.8304199576377869 0.07969436794519424 0.2182830423116684
