0 0.5107437372207642 0.689177930355072 0.08332142978906631 0.2229270040988922
0 0.6096188426017761 0.6758965849876404 0.08003101497888565 0.21015886962413788
0 0.4954288601875305 0.22924213111400604 0.0964537188410759 0.23694060742855072
0 0.403501033782959 0.846386730670929 0.09115283936262131 0.21024470031261444
0 0.32964077591896057 0.38654592633247375 0.0993424654006958 0.22129015624523163
0 0.3896671235561371 0.6892227530479431 0.10277318954467773 0.19918318092823029
0 0.24608755111694336 0.22707219421863556 0.08839461952447891 0.21762077510356903
0 0.4964359402656555 0.523057222366333 0.09147562831640244 0.20499983429908752
0 0.5912151336669922 0.2150583565235138 0.09502320736646652 0.1952235847711563
0 0.6961445212364197 0.5209301710128784 0.07960834354162216 0.1953137367963791
0 0.6239721179008484 0.3684347867965698 0.091278076171875 0.20607982575893402
0 0.6538546681404114 0.5206350684165955 0.07168164104223251 0.18675103783607483
