0 0.3926010727882385 0.8537504076957703 0.0697016716003418 0.17471866309642792
0 0.3122911751270294 0.8535162210464478 0.07717003673315048 0.17713084816932678
0 0.3419295847415924 0.23590512573719025 0.07628710567951202 0.18721303343772888
0 0.6190110445022583 0.24126043915748596 0.07718949764966965 0.17493994534015656
0 0.49423471093177795 0.5319470763206482 0.08775749057531357 0.21263150870800018
0 0.5760247111320496 0.22274021804332733 0.07493448257446289 0.212480828166008
0 0.46766549348831177 0.8535275459289551 0.07842440903186798 0.17564105987548828
0 0.4837115406990051 0.7001354098320007 0.08795042335987091 0.16909261047840118
0 0.2663043141365051 0.6995333433151245 0.08060202747583389 0.17179718613624573
0 0.265902578830719 0.6985117197036743 0.08071961253881454 0.17271628975868225
0 0.5162768363952637 0.5284825563430786 0.06455979496240616 0.22113275527954102
0 0.6189529299736023 0.24017463624477386 0.07378440350294113 0.1766059845685959
