0 0.32975709438323975 0.3916911780834198 0.0971534252166748 0.18191102147102356
0 0.3827666938304901 0.8531849980354309 0.09731631726026535 0.18078899383544922
0 0.2545102536678314 0.8355129361152649 0.0899747833609581 0.21565237641334534
0 0.4877362847328186 0.368618905544281 0.08712663501501083 0.2093185931444168
0 0.2593856751918793 0.5314652323722839 0.08095412701368332 0.21597443521022797
0 0.5742756724357605 0.5254054069519043 0.07950258255004883 0.22140979766845703
0 0.4122069478034973 0.21622033417224884 0.07819085568189621 0.2189154475927353
0 0.7858133912086487 0.21620766818523407 0.07502889633178711 0.20819436013698578
0 0.648240864276886 0.5264524817466736 0.0734853744506836 0.21940647065639496
0 0.7205679416656494 0.5455297827720642 0.08132763206958771 0.17079125344753265
0 0.6481075286865234 0.527197539806366 0.07303052395582199 0.2170511782169342
0 0.5444914102554321 0.5383248329162598 0.0769195556640625 0.19487738609313965
