0 0.7436149716377258 0.8357053995132446 0.08075642585754395 0.2125357687473297
0 0.6394942998886108 0.5426959991455078 0.0793183371424675 0.1865202933549881
0 0.6894110441207886 0.8541675806045532 0.0774078369140625 0.17631807923316956
0 0.7187229990959167 0.2235051691532135 0.0845833346247673 0.21259228885173798
0 0.613671600818634 0.8518394827842712 0.07762613147497177 0.18009792268276215
0 0.8739239573478699 0.5603212118148804 0.05910510942339897 0.10575075447559357
0 0.1756392866373062 0.22038383781909943 0.103462815284729 0.21392153203487396
0 0.31656476855278015 0.22765929996967316 0.08589477837085724 0.20456348359584808
0 0.6150208711624146 0.8521175384521484 0.07851195335388184 0.1778164952993393
0 0.17632435262203217 0.22109007835388184 0.10191016644239426 0.21515507996082306
