0 0.35467323660850525 0.8342519998550415 0.08711035549640656 0.2188376486301422
0 0.7385157942771912 0.5288286209106445 0.07272296398878098 0.20942001044750214
0 0.7234498858451843 0.37209439277648926 0.08437146991491318 0.1968434602022171
0 0.6840413212776184 0.8365692496299744 0.07883162796497345 0.2142139971256256
0 0.4221334159374237 0.37760961055755615 0.08845837414264679 0.1982751339673996
0 0.2894141674041748 0.24110734462738037 0.08160915225744247 0.18270382285118103
0 0.7150904536247253 0.21374352276325226 0.08821921795606613 0.21704821288585663
0 0.4467523694038391 0.6859237551689148 0.08692679554224014 0.19215035438537598
0 0.5175738334655762 0.8355409502983093 0.08866133540868759 0.2046760618686676
0 0.8138599395751953 0.5278282165527344 0.07874574512243271 0.21451030671596527
0 0.6116577982902527 0.5246031880378723 0.07449807971715927 0.2005542367696762
0 0.6951262354850769 0.6775712370872498 0.07585582882165909 0.21272683143615723
0 0.40895137190818787 0.5258941054344177 0.08487577736377716 0.20986142754554749
0 0.5525171160697937 0.5251705050468445 0.09777932614088058 0.21625137329101562
0 0.6522395014762878 0.675503671169281 0.08204145729541779 0.21224360167980194
0 0.7796568274497986 0.22060556709766388 0.07933922111988068 0.2126777619123459
0 0.40093526244163513 0.22065244615077972 0.08454775810241699 0.1954926699399948
0 0.644703209400177 0.21941061317920685 0.08031339943408966 0.1991533488035202
0 0.6427701115608215 0.21966464817523956 0.08112049102783203 0.19772396981716156
