0 0.2906436622142792 0.8337025046348572 0.10183892399072647 0.22055502235889435
0 0.3693543076515198 0.5269175171852112 0.09030616283416748 0.21727047860622406
0 0.7756322026252747 0.5406443476676941 0.08219146728515625 0.17990903556346893
0 0.16022244095802307 0.8299962878227234 0.08543157577514648 0.20795050263404846
0 0.21704056859016418 0.3893751800060272 0.08296944200992584 0.18895207345485687
0 0.4369014799594879 0.8545455932617188 0.08900976181030273 0.17963285744190216
0 0.743969738483429 0.5238526463508606 0.07000460475683212 0.21463456749916077
0 0.48783379793167114 0.22194090485572815 0.07641945034265518 0.21941213309764862
0 0.5239397287368774 0.2225232869386673 0.0870969295501709 0.2178867906332016
0 0.6611412763595581 0.5226332545280457 0.07481737434864044 0.2173144817352295
