0 0.4785144031047821 0.5477795600891113 0.08837657421827316 0.1847095489501953
0 0.48264452815055847 0.39725977182388306 0.06713324040174484 0.15004675090312958
0 0.27017441391944885 0.36471325159072876 0.07949583977460861 0.19793501496315002
0 0.46788445115089417 0.8376620411872864 0.07895245403051376 0.2115660160779953
0 0.7615609169006348 0.3909437358379364 0.09473729133605957 0.1807127296924591
0 0.7807592749595642 0.855861485004425 0.07166653126478195 0.1404934972524643
0 0.32081300020217896 0.22677676379680634 0.08076903969049454 0.19706588983535767
0 0.2867601811885834 0.5331885814666748 0.08514006435871124 0.21000881493091583
0 0.6923364996910095 0.5416882634162903 0.08262930065393448 0.18452386558055878
0 0.421863853931427 0.21996521949768066 0.0887354388833046 0.2165142297744751
0 0.39040514826774597 0.23812761902809143 0.06462698429822922 0.17821930348873138
0 0.5061652064323425 0.3992166221141815 0.05284490808844566 0.14865727722644806
